,  7005
,  27
,  4001
,  2
,  109
,  7010
,  10001
,  10007
,  1001
,  107
,  11005
,  11009
,  11011
,  12003
,  12004
,  12006
,  3001
,  3003
,  3006
,  3007
,  3008
,  3009
,  36
,  38
,  40
,  6002
,  4002
,  4003
,  4004
,  7011
,  4005
,  4006
,  4008
,  4009
,  4010
,  4011
,  46
,  50
,  5001
,  5002
,  7014
,  5003
,  5004
,  5005
,  5006
,  6005
,  6007
,  63
,  10003
,  7006
,  7007
,  7009
,  10005
,  10002
,  7012
,  11001
,  7013
,  11002
,  10006
,  7015
,  11003
,  11010
,  11007
,  7016
,  12002
,  7018
,  71
,  75
,  8001
,  8002
,  8003
,  8004
,  8005
,  8006
,  86
,  98
,  61
,  30
,  4007
,  3002
,  6001
,  6003
,  6004
,  10004
,  11006
,  7004
,  5
,  7
,  106
,  37
,  6006
,  12001
,  7001
,  113
,  62
,  112
,  454
,  7003
,  7002
,  7008
,  11004
,  6008
,  12005
,  11008
,  3004
,  3005
,  12007
,  7017
,  101
,  26070
,  30370
,  10734
,  25334
,  24934
,  29670
,  999
